#FLOWTREE_ADJ_DUMPS seed=111 limit=1
#BEGIN_DUMP idx=0 doc_id=0 seed=111
#PACKED_NODES 159
#ROOT 2
#EDGE
1 0
1 74
1 87
2 1
2 4
2 6
2 11
2 15
2 18
2 22
2 27
2 31
2 36
2 38
2 43
2 50
2 52
2 55
2 59
2 65
2 69
2 71
2 85
2 90
2 92
2 100
2 102
2 111
2 114
2 116
2 123
2 128
2 131
2 138
2 141
2 143
2 145
2 151
2 153
2 155
2 157
4 3
4 23
6 5
6 9
6 13
6 20
6 24
6 33
6 40
6 45
6 47
6 57
6 62
6 78
6 80
6 83
6 94
6 105
6 107
6 109
8 7
9 8
11 10
11 12
11 29
15 14
17 16
18 17
20 19
22 21
26 25
27 26
27 104
27 118
29 28
31 30
33 32
35 34
36 35
36 67
36 75
36 136
38 37
40 39
42 41
43 42
45 44
47 46
49 48
50 49
50 158
52 51
54 53
55 54
57 56
59 58
61 60
62 61
64 63
65 64
67 66
69 68
71 70
73 72
74 73
77 76
78 77
80 79
80 96
82 81
83 82
85 84
85 148
87 86
89 88
90 89
90 98
90 103
90 120
90 134
92 91
92 112
94 93
96 95
98 97
100 99
102 101
107 106
109 108
111 110
114 113
116 115
116 129
118 117
120 119
122 121
123 122
123 126
125 124
126 125
128 127
131 130
133 132
134 133
136 135
138 137
140 139
141 140
143 142
145 144
147 146
148 147
150 149
151 150
153 152
155 154
157 156
#ISLEAF 1 0 0 1 0 1 0 1 0 0 1 0 1 1 1 0 1 0 0 1 0 1 0 1 1 1 0 0 1 0 1 0 1 0 1 0 0 1 0 1 0 1 0 0 1 0 1 0 1 0 0 1 0 1 0 0 1 0 1 0 1 0 0 1 0 0 1 0 1 0 1 0 1 0 0 1 1 0 0 1 0 1 0 0 1 0 1 0 1 0 0 1 0 1 0 1 0 1 0 1 0 1 0 1 1 1 1 0 1 0 1 0 1 1 0 1 0 1 0 1 0 1 0 0 1 0 0 1 0 1 1 0 1 0 0 1 0 1 0 1 0 0 1 0 1 0 1 0 0 1 0 0 1 0 1 0 1 0 1
#UNLEAF 50 -1 -1 128 -1 169 -1 196 -1 -1 234 -1 331 595 691 -1 1239 -1 -1 1275 -1 1510 -1 1563 1813 1930 -1 -1 2047 -1 2379 -1 2511 -1 2654 -1 -1 2755 -1 2926 -1 3164 -1 -1 3165 -1 6267 -1 6524 -1 -1 6827 -1 8392 -1 -1 11987 -1 12268 -1 13710 -1 -1 16035 -1 -1 30627 -1 45109 -1 121999 -1 195829 -1 -1 43 79 -1 -1 117 -1 137 -1 -1 219 -1 246 -1 530 -1 -1 539 -1 578 -1 661 -1 690 -1 747 -1 793 -1 824 894 977 1334 -1 1337 -1 1377 -1 1562 1689 -1 1764 -1 2093 -1 2198 -1 2542 -1 -1 3124 -1 -1 3564 -1 3663 3899 -1 4352 -1 -1 4597 -1 4991 -1 5198 -1 -1 6315 -1 7282 -1 7380 -1 -1 8695 -1 -1 12243 -1 18031 -1 23439 -1 91571
#DELTA 0.0294118 0 0 0.0294118 0 0.00615595 0 0.0294118 0 0 0.0294118 0 0.0294118 0.00615595 0.0294118 0 0.0294118 0 0 0.0294118 0 0.0294118 0 0.0294118 0.0294118 0.0294118 0 0 0.0294118 0 0.0294118 0 0.0294118 0 0.0294118 0 0 0.0294118 0 0.0294118 0 0.0294118 0 0 0.0294118 0 0.0294118 0 0.0294118 0 0 0.0294118 0 0.0294118 0 0 0.0294118 0 0.0294118 0 0.0294118 0 0 0.0294118 0 0 0.0294118 0 0.0294118 0 0.0294118 0 0.0294118 0 0 -0.0232558 -0.0232558 0 0 -0.0232558 0 -0.0232558 0 0 -0.0232558 0 -0.0232558 0 -0.0232558 0 0 -0.0232558 0 -0.0232558 0 -0.0232558 0 -0.0232558 0 -0.0232558 0 -0.0232558 0 -0.0232558 -0.0232558 -0.0232558 -0.0232558 0 -0.0232558 0 -0.0232558 0 -0.0232558 -0.0232558 0 -0.0232558 0 -0.0232558 0 -0.0232558 0 -0.0232558 0 0 -0.0232558 0 0 -0.0232558 0 -0.0232558 -0.0232558 0 -0.0232558 0 0 -0.0232558 0 -0.0232558 0 -0.0232558 0 0 -0.0232558 0 -0.0232558 0 -0.0232558 0 0 -0.0232558 0 0 -0.0232558 0 -0.0232558 0 -0.0232558 0 -0.0232558
#SIGN 1 0 0 1 0 1 0 1 0 0 1 0 1 1 1 0 1 0 0 1 0 1 0 1 1 1 0 0 1 0 1 0 1 0 1 0 0 1 0 1 0 1 0 0 1 0 1 0 1 0 0 1 0 1 0 0 1 0 1 0 1 0 0 1 0 0 1 0 1 0 1 0 1 0 0 -1 -1 0 0 -1 0 -1 0 0 -1 0 -1 0 -1 0 0 -1 0 -1 0 -1 0 -1 0 -1 0 -1 0 -1 -1 -1 -1 0 -1 0 -1 0 -1 -1 0 -1 0 -1 0 -1 0 -1 0 0 -1 0 0 -1 0 -1 -1 0 -1 0 0 -1 0 -1 0 -1 0 0 -1 0 -1 0 -1 0 0 -1 0 0 -1 0 -1 0 -1 0 -1
#END_DUMP idx=0 edge_count=158
