#FLOWTREE_ADJ_DUMPS seed=110 limit=1
#BEGIN_DUMP idx=0 doc_id=0 seed=110
#PACKED_NODES 174
#ROOT 3
#EDGE
1 0
2 1
2 88
2 111
2 115
2 140
2 173
3 2
3 6
3 10
3 13
3 18
3 23
3 26
3 29
3 38
3 41
3 43
3 45
3 47
3 55
3 59
3 61
3 63
3 65
3 68
3 78
3 83
3 86
3 93
3 100
3 103
3 119
3 122
3 130
3 133
3 145
3 149
3 153
3 156
3 159
3 160
3 162
3 164
3 171
5 4
6 5
6 33
6 167
8 7
9 8
10 9
10 15
10 21
10 31
10 35
10 51
10 52
10 70
10 75
10 95
10 127
10 136
10 139
10 169
12 11
13 12
13 97
13 134
15 14
17 16
18 17
20 19
21 20
21 124
23 22
25 24
26 25
28 27
29 28
31 30
33 32
35 34
37 36
38 37
38 73
38 106
38 147
40 39
41 40
41 49
41 57
41 90
41 108
41 155
43 42
45 44
47 46
49 48
51 50
54 53
55 54
57 56
59 58
61 60
63 62
63 80
65 64
67 66
68 67
68 113
70 69
72 71
73 72
75 74
77 76
78 77
80 79
82 81
83 82
85 84
86 85
86 142
88 87
90 89
92 91
93 92
95 94
97 96
99 98
100 99
102 101
103 102
105 104
106 105
108 107
110 109
111 110
113 112
115 114
117 116
118 117
119 118
119 128
121 120
121 143
122 121
122 168
124 123
126 125
127 126
130 129
132 131
133 132
136 135
138 137
139 138
142 141
145 144
147 146
149 148
151 150
152 151
153 152
155 154
158 157
159 158
162 161
164 163
166 165
167 166
171 170
173 172
#ISLEAF 1 0 0 0 1 0 0 1 0 0 0 1 0 0 1 0 1 0 0 1 0 0 1 0 1 0 0 1 0 0 1 0 1 0 1 0 1 0 0 1 0 0 1 0 1 0 1 0 1 0 1 0 1 1 0 0 1 0 1 0 1 0 1 0 1 0 1 0 0 1 0 1 0 0 1 0 1 0 0 1 0 1 0 0 1 0 0 1 0 1 0 1 0 0 1 0 1 0 1 0 0 1 0 0 1 0 0 1 0 1 0 0 1 0 1 0 1 0 0 0 1 0 0 1 0 1 0 0 1 1 0 1 0 0 1 1 0 1 0 0 1 1 0 1 1 0 1 0 1 0 1 0 0 0 1 0 1 1 0 0 1 1 0 1 0 1 0 0 1 1 1 0 1 0
#UNLEAF 50 -1 -1 -1 128 -1 -1 169 -1 -1 -1 196 -1 -1 234 -1 331 -1 -1 595 -1 -1 691 -1 1239 -1 -1 1275 -1 -1 1510 -1 1563 -1 1813 -1 1930 -1 -1 2047 -1 -1 2379 -1 2511 -1 2654 -1 2755 -1 2926 -1 3164 3165 -1 -1 6267 -1 6524 -1 6827 -1 8392 -1 11987 -1 12268 -1 -1 13710 -1 16035 -1 -1 30627 -1 45109 -1 -1 121999 -1 195829 -1 -1 43 -1 -1 79 -1 117 -1 137 -1 -1 219 -1 246 -1 530 -1 -1 539 -1 -1 578 -1 -1 661 -1 690 -1 -1 747 -1 793 -1 824 -1 -1 -1 894 -1 -1 977 -1 1334 -1 -1 1337 1377 -1 1562 -1 -1 1689 1764 -1 2093 -1 -1 2198 2542 -1 3124 3564 -1 3663 -1 3899 -1 4352 -1 -1 -1 4597 -1 4991 5198 -1 -1 6315 7282 -1 7380 -1 8695 -1 -1 12243 18031 23439 -1 91571 -1
#DELTA 0.0294118 0 0 0 0.0294118 0 0 0.00615595 0 0 0 0.0294118 0 0 0.0294118 0 0.0294118 0 0 0.00615595 0 0 0.0294118 0 0.0294118 0 0 0.0294118 0 0 0.0294118 0 0.0294118 0 0.0294118 0 0.0294118 0 0 0.0294118 0 0 0.0294118 0 0.0294118 0 0.0294118 0 0.0294118 0 0.0294118 0 0.0294118 0.0294118 0 0 0.0294118 0 0.0294118 0 0.0294118 0 0.0294118 0 0.0294118 0 0.0294118 0 0 0.0294118 0 0.0294118 0 0 0.0294118 0 0.0294118 0 0 0.0294118 0 0.0294118 0 0 -0.0232558 0 0 -0.0232558 0 -0.0232558 0 -0.0232558 0 0 -0.0232558 0 -0.0232558 0 -0.0232558 0 0 -0.0232558 0 0 -0.0232558 0 0 -0.0232558 0 -0.0232558 0 0 -0.0232558 0 -0.0232558 0 -0.0232558 0 0 0 -0.0232558 0 0 -0.0232558 0 -0.0232558 0 0 -0.0232558 -0.0232558 0 -0.0232558 0 0 -0.0232558 -0.0232558 0 -0.0232558 0 0 -0.0232558 -0.0232558 0 -0.0232558 -0.0232558 0 -0.0232558 0 -0.0232558 0 -0.0232558 0 0 0 -0.0232558 0 -0.0232558 -0.0232558 0 0 -0.0232558 -0.0232558 0 -0.0232558 0 -0.0232558 0 0 -0.0232558 -0.0232558 -0.0232558 0 -0.0232558 0
#SIGN 1 0 0 0 1 0 0 1 0 0 0 1 0 0 1 0 1 0 0 1 0 0 1 0 1 0 0 1 0 0 1 0 1 0 1 0 1 0 0 1 0 0 1 0 1 0 1 0 1 0 1 0 1 1 0 0 1 0 1 0 1 0 1 0 1 0 1 0 0 1 0 1 0 0 1 0 1 0 0 1 0 1 0 0 -1 0 0 -1 0 -1 0 -1 0 0 -1 0 -1 0 -1 0 0 -1 0 0 -1 0 0 -1 0 -1 0 0 -1 0 -1 0 -1 0 0 0 -1 0 0 -1 0 -1 0 0 -1 -1 0 -1 0 0 -1 -1 0 -1 0 0 -1 -1 0 -1 -1 0 -1 0 -1 0 -1 0 0 0 -1 0 -1 -1 0 0 -1 -1 0 -1 0 -1 0 0 -1 -1 -1 0 -1 0
#END_DUMP idx=0 edge_count=173
