#FLOWTREE_ADJ_DUMPS seed=111 limit=1
#BEGIN_DUMP idx=0 doc_id=1 seed=111
#PACKED_NODES 124
#ROOT 2
#EDGE
1 0
1 74
1 79
1 113
2 1
2 4
2 6
2 11
2 15
2 18
2 22
2 27
2 31
2 36
2 38
2 43
2 50
2 52
2 55
2 59
2 65
2 69
2 71
2 76
2 84
2 89
2 93
2 101
2 103
2 107
2 111
2 117
2 120
2 123
4 3
4 23
6 5
6 9
6 13
6 20
6 24
6 33
6 40
6 45
6 47
6 57
6 62
6 78
6 81
6 94
8 7
9 8
11 10
11 12
11 29
15 14
17 16
18 17
18 86
18 95
18 99
20 19
22 21
26 25
27 26
27 98
29 28
31 30
33 32
35 34
36 35
36 67
36 97
38 37
40 39
42 41
43 42
45 44
47 46
49 48
50 49
50 91
52 51
54 53
55 54
57 56
59 58
61 60
62 61
64 63
65 64
67 66
69 68
71 70
73 72
74 73
76 75
78 77
81 80
83 82
84 83
84 109
84 115
86 85
88 87
89 88
91 90
93 92
97 96
101 100
101 105
103 102
105 104
107 106
109 108
111 110
113 112
115 114
117 116
119 118
120 119
122 121
123 122
#ISLEAF 1 0 0 1 0 1 0 1 0 0 1 0 1 1 1 0 1 0 0 1 0 1 0 1 1 1 0 0 1 0 1 0 1 0 1 0 0 1 0 1 0 1 0 0 1 0 1 0 1 0 0 1 0 1 0 0 1 0 1 0 1 0 0 1 0 0 1 0 1 0 1 0 1 0 0 1 0 1 0 1 1 0 1 0 0 1 0 1 0 0 1 0 1 0 1 1 1 0 1 1 1 0 1 0 1 0 1 0 1 0 1 0 1 0 1 0 1 0 1 0 0 1 0 0
#UNLEAF 50 -1 -1 128 -1 169 -1 196 -1 -1 234 -1 331 595 691 -1 1239 -1 -1 1275 -1 1510 -1 1563 1813 1930 -1 -1 2047 -1 2379 -1 2511 -1 2654 -1 -1 2755 -1 2926 -1 3164 -1 -1 3165 -1 6267 -1 6524 -1 -1 6827 -1 8392 -1 -1 11987 -1 12268 -1 13710 -1 -1 16035 -1 -1 30627 -1 45109 -1 121999 -1 195829 -1 -1 214 -1 273 -1 278 301 -1 440 -1 -1 621 -1 647 -1 -1 658 -1 1167 -1 2381 2424 2590 -1 2800 2804 6341 -1 9703 -1 10576 -1 13338 -1 13351 -1 13444 -1 19203 -1 33198 -1 41395 -1 45126 -1 -1 297001 -1 -1
#DELTA 0.0294118 0 0 0.0294118 0 -0.00904978 0 0.0294118 0 0 0.0294118 0 0.0294118 0.0294118 0.0294118 0 0.0294118 0 0 0.0294118 0 0.0294118 0 0.0294118 0.0294118 0.0294118 0 0 0.0294118 0 0.0294118 0 0.0294118 0 0.0294118 0 0 0.0294118 0 0.0294118 0 0.0294118 0 0 0.0294118 0 0.0294118 0 0.0294118 0 0 0.0294118 0 0.0294118 0 0 0.0294118 0 0.0294118 0 0.0294118 0 0 0.0294118 0 0 0.0294118 0 0.0294118 0 0.0294118 0 0.0294118 0 0 -0.0384615 0 -0.0384615 0 -0.0384615 -0.0384615 0 -0.0384615 0 0 -0.0384615 0 -0.0384615 0 0 -0.0384615 0 -0.0384615 0 -0.0384615 -0.0384615 -0.0384615 0 -0.0384615 -0.0384615 -0.0384615 0 -0.0384615 0 -0.0384615 0 -0.0384615 0 -0.0384615 0 -0.0384615 0 -0.0384615 0 -0.0384615 0 -0.0384615 0 -0.0384615 0 0 -0.0384615 0 0
#SIGN 1 0 0 1 0 -1 0 1 0 0 1 0 1 1 1 0 1 0 0 1 0 1 0 1 1 1 0 0 1 0 1 0 1 0 1 0 0 1 0 1 0 1 0 0 1 0 1 0 1 0 0 1 0 1 0 0 1 0 1 0 1 0 0 1 0 0 1 0 1 0 1 0 1 0 0 -1 0 -1 0 -1 -1 0 -1 0 0 -1 0 -1 0 0 -1 0 -1 0 -1 -1 -1 0 -1 -1 -1 0 -1 0 -1 0 -1 0 -1 0 -1 0 -1 0 -1 0 -1 0 -1 0 0 -1 0 0
#END_DUMP idx=0 edge_count=123
