#FLOWTREE_ADJ_DUMPS seed=110 limit=1
#BEGIN_DUMP idx=0 doc_id=1 seed=110
#PACKED_NODES 137
#ROOT 3
#EDGE
1 0
2 1
2 98
2 117
3 2
3 6
3 10
3 13
3 18
3 23
3 26
3 29
3 38
3 41
3 43
3 45
3 47
3 55
3 59
3 61
3 63
3 65
3 68
3 78
3 83
3 89
3 91
3 102
3 104
3 107
3 112
3 120
3 128
5 4
6 5
6 33
6 125
8 7
9 8
10 9
10 15
10 21
10 31
10 35
10 51
10 52
10 70
10 75
10 109
12 11
13 12
13 93
15 14
17 16
18 17
20 19
21 20
23 22
25 24
26 25
28 27
29 28
29 122
31 30
33 32
35 34
37 36
38 37
38 73
38 85
38 95
38 100
38 124
38 130
38 132
38 136
40 39
41 40
41 49
41 57
41 115
43 42
45 44
47 46
49 48
51 50
54 53
55 54
57 56
59 58
61 60
63 62
63 80
65 64
67 66
68 67
70 69
72 71
73 72
75 74
77 76
78 77
78 86
80 79
82 81
83 82
85 84
88 87
89 88
91 90
93 92
95 94
97 96
98 97
100 99
102 101
104 103
106 105
107 106
107 114
109 108
111 110
112 111
112 134
114 113
117 116
119 118
120 119
122 121
124 123
127 126
128 127
130 129
132 131
134 133
136 135
#ISLEAF 1 0 0 0 1 0 0 1 0 0 0 1 0 0 1 0 1 0 0 1 0 0 1 0 1 0 0 1 0 0 1 0 1 0 1 0 1 0 0 1 0 0 1 0 1 0 1 0 1 0 1 0 1 1 0 0 1 0 1 0 1 0 1 0 1 0 1 0 0 1 0 1 0 0 1 0 1 0 0 1 0 1 0 0 1 0 1 1 0 0 1 0 1 0 1 0 1 0 0 1 0 1 0 1 0 1 0 0 1 0 1 0 0 1 0 1 1 0 1 0 0 1 0 1 0 1 1 0 0 1 0 1 0 1 0 1 0
#UNLEAF 50 -1 -1 -1 128 -1 -1 169 -1 -1 -1 196 -1 -1 234 -1 331 -1 -1 595 -1 -1 691 -1 1239 -1 -1 1275 -1 -1 1510 -1 1563 -1 1813 -1 1930 -1 -1 2047 -1 -1 2379 -1 2511 -1 2654 -1 2755 -1 2926 -1 3164 3165 -1 -1 6267 -1 6524 -1 6827 -1 8392 -1 11987 -1 12268 -1 -1 13710 -1 16035 -1 -1 30627 -1 45109 -1 -1 121999 -1 195829 -1 -1 214 -1 273 278 -1 -1 301 -1 440 -1 621 -1 647 -1 -1 658 -1 1167 -1 2381 -1 2424 -1 -1 2590 -1 2800 -1 -1 2804 -1 6341 9703 -1 10576 -1 -1 13338 -1 13351 -1 13444 19203 -1 -1 33198 -1 41395 -1 45126 -1 297001 -1
#DELTA 0.0294118 0 0 0 0.0294118 0 0 -0.00904978 0 0 0 0.0294118 0 0 0.0294118 0 0.0294118 0 0 0.0294118 0 0 0.0294118 0 0.0294118 0 0 0.0294118 0 0 0.0294118 0 0.0294118 0 0.0294118 0 0.0294118 0 0 0.0294118 0 0 0.0294118 0 0.0294118 0 0.0294118 0 0.0294118 0 0.0294118 0 0.0294118 0.0294118 0 0 0.0294118 0 0.0294118 0 0.0294118 0 0.0294118 0 0.0294118 0 0.0294118 0 0 0.0294118 0 0.0294118 0 0 0.0294118 0 0.0294118 0 0 0.0294118 0 0.0294118 0 0 -0.0384615 0 -0.0384615 -0.0384615 0 0 -0.0384615 0 -0.0384615 0 -0.0384615 0 -0.0384615 0 0 -0.0384615 0 -0.0384615 0 -0.0384615 0 -0.0384615 0 0 -0.0384615 0 -0.0384615 0 0 -0.0384615 0 -0.0384615 -0.0384615 0 -0.0384615 0 0 -0.0384615 0 -0.0384615 0 -0.0384615 -0.0384615 0 0 -0.0384615 0 -0.0384615 0 -0.0384615 0 -0.0384615 0
#SIGN 1 0 0 0 1 0 0 -1 0 0 0 1 0 0 1 0 1 0 0 1 0 0 1 0 1 0 0 1 0 0 1 0 1 0 1 0 1 0 0 1 0 0 1 0 1 0 1 0 1 0 1 0 1 1 0 0 1 0 1 0 1 0 1 0 1 0 1 0 0 1 0 1 0 0 1 0 1 0 0 1 0 1 0 0 -1 0 -1 -1 0 0 -1 0 -1 0 -1 0 -1 0 0 -1 0 -1 0 -1 0 -1 0 0 -1 0 -1 0 0 -1 0 -1 -1 0 -1 0 0 -1 0 -1 0 -1 -1 0 0 -1 0 -1 0 -1 0 -1 0
#END_DUMP idx=0 edge_count=136
