#FLOWTREE_ADJ_DUMPS seed=0 limit=100
#BEGIN_DUMP idx=0 doc_id=0 seed=0
#PACKED_NODES 22
#ROOT 3
#EDGE
1 0
2 1
3 2
3 5
3 8
3 12
3 18
3 21
5 4
5 9
5 14
5 16
7 6
8 7
11 10
12 11
12 15
14 13
18 17
20 19
21 20
#ISLEAF 1 0 0 0 1 0 1 0 0 1 1 0 0 1 0 1 1 1 0 1 0 0
#UNLEAF 47 -1 -1 -1 83 -1 49 -1 -1 38 18 -1 -1 10 -1 0 86 67 -1 42 -1 -1
#END_DUMP idx=0 edge_count=21
#BEGIN_DUMP idx=1 doc_id=1 seed=0
#PACKED_NODES 22
#ROOT 3
#EDGE
1 0
2 1
2 16
3 2
3 5
3 8
3 12
5 4
5 9
5 14
5 21
7 6
8 7
8 15
11 10
12 11
12 18
14 13
18 17
20 19
21 20
#ISLEAF 1 0 0 0 1 0 1 0 0 1 1 0 0 1 0 1 1 1 0 1 0 0
#UNLEAF 47 -1 -1 -1 83 -1 49 -1 -1 38 18 -1 -1 24 -1 85 73 21 -1 79 -1 -1
#END_DUMP idx=1 edge_count=21
#BEGIN_DUMP idx=2 doc_id=2 seed=0
#PACKED_NODES 22
#ROOT 3
#EDGE
1 0
2 1
3 2
3 5
3 8
3 12
3 15
5 4
5 9
7 6
8 7
8 17
11 10
12 11
12 19
14 13
15 14
17 16
19 18
20 19
21 20
#ISLEAF 1 0 0 0 1 0 1 0 0 1 1 0 0 1 0 0 1 0 1 0 0 0
#UNLEAF 47 -1 -1 -1 83 -1 49 -1 -1 38 18 -1 -1 34 -1 -1 60 -1 21 -1 -1 -1
#END_DUMP idx=2 edge_count=21
#BEGIN_DUMP idx=3 doc_id=3 seed=0
#PACKED_NODES 22
#ROOT 3
#EDGE
1 0
2 1
3 2
3 5
3 8
3 12
3 15
5 4
5 9
5 17
5 19
7 6
8 7
11 10
12 11
14 13
15 14
17 16
19 18
20 19
21 20
#ISLEAF 1 0 0 0 1 0 1 0 0 1 1 0 0 1 0 0 1 0 1 0 0 0
#UNLEAF 47 -1 -1 -1 83 -1 49 -1 -1 38 18 -1 -1 56 -1 -1 54 -1 13 -1 -1 -1
#END_DUMP idx=3 edge_count=21
#BEGIN_DUMP idx=4 doc_id=4 seed=0
#PACKED_NODES 23
#ROOT 3
#EDGE
1 0
2 1
3 2
3 5
3 8
3 12
3 16
3 20
5 4
5 9
5 14
5 18
5 22
7 6
8 7
11 10
12 11
14 13
16 15
18 17
20 19
22 21
#ISLEAF 1 0 0 0 1 0 1 0 0 1 1 0 0 1 0 1 0 1 0 1 0 1 0
#UNLEAF 47 -1 -1 -1 83 -1 49 -1 -1 38 18 -1 -1 27 -1 94 -1 10 -1 9 -1 25 -1
#END_DUMP idx=4 edge_count=22
#BEGIN_DUMP idx=5 doc_id=5 seed=0
#PACKED_NODES 23
#ROOT 3
#EDGE
1 0
2 1
3 2
3 5
3 8
3 12
3 15
3 18
5 4
5 9
5 19
7 6
8 7
8 20
11 10
12 11
12 22
14 13
15 14
17 16
18 17
22 21
#ISLEAF 1 0 0 0 1 0 1 0 0 1 1 0 0 1 0 0 1 0 0 1 1 1 0
#UNLEAF 47 -1 -1 -1 83 -1 49 -1 -1 38 18 -1 -1 88 -1 -1 23 -1 -1 96 16 91 -1
#END_DUMP idx=5 edge_count=22
#BEGIN_DUMP idx=6 doc_id=6 seed=0
#PACKED_NODES 23
#ROOT 3
#EDGE
1 0
2 1
2 16
3 2
3 5
3 8
3 12
3 18
3 21
5 4
5 9
5 14
5 19
7 6
8 7
11 10
12 11
14 13
16 15
18 17
21 20
22 21
#ISLEAF 1 0 0 0 1 0 1 0 0 1 1 0 0 1 0 1 0 1 0 1 1 0 0
#UNLEAF 47 -1 -1 -1 83 -1 49 -1 -1 38 18 -1 -1 53 -1 5 -1 65 -1 86 67 -1 -1
#END_DUMP idx=6 edge_count=22
#BEGIN_DUMP idx=7 doc_id=7 seed=0
#PACKED_NODES 23
#ROOT 3
#EDGE
1 0
2 1
2 18
2 20
3 2
3 5
3 8
3 12
3 16
3 22
5 4
5 9
5 14
7 6
8 7
11 10
12 11
14 13
16 15
18 17
20 19
22 21
#ISLEAF 1 0 0 0 1 0 1 0 0 1 1 0 0 1 0 1 0 1 0 1 0 1 0
#UNLEAF 47 -1 -1 -1 83 -1 49 -1 -1 38 18 -1 -1 58 -1 32 -1 62 -1 55 -1 3 -1
#END_DUMP idx=7 edge_count=22
#BEGIN_DUMP idx=8 doc_id=8 seed=0
#PACKED_NODES 23
#ROOT 3
#EDGE
1 0
2 1
2 16
3 2
3 5
3 8
3 12
3 20
5 4
5 9
5 17
5 22
7 6
8 7
11 10
12 11
12 14
14 13
16 15
19 18
20 19
22 21
#ISLEAF 1 0 0 0 1 0 1 0 0 1 1 0 0 1 0 1 0 1 1 0 0 1 0
#UNLEAF 47 -1 -1 -1 83 -1 49 -1 -1 38 18 -1 -1 1 -1 31 -1 4 56 -1 -1 7 -1
#END_DUMP idx=8 edge_count=22
#BEGIN_DUMP idx=9 doc_id=9 seed=0
#PACKED_NODES 24
#ROOT 3
#EDGE
1 0
2 1
3 2
3 5
3 8
3 12
3 15
3 21
3 23
5 4
5 9
7 6
8 7
11 10
12 11
12 17
12 19
14 13
15 14
17 16
19 18
21 20
23 22
#ISLEAF 1 0 0 0 1 0 1 0 0 1 1 0 0 1 0 0 1 0 1 0 1 0 1 0
#UNLEAF 47 -1 -1 -1 83 -1 49 -1 -1 38 18 -1 -1 88 -1 -1 1 -1 91 -1 90 -1 46 -1
#END_DUMP idx=9 edge_count=23
#BEGIN_DUMP idx=10 doc_id=10 seed=0
#PACKED_NODES 24
#ROOT 3
#EDGE
1 0
2 1
2 13
2 16
3 2
3 5
3 8
3 12
3 20
5 4
5 9
7 6
8 7
8 18
11 10
12 11
12 14
16 15
18 17
20 19
21 20
23 22
#ISLEAF 1 0 0 0 1 0 1 0 0 1 1 0 0 1 1 1 0 1 0 1 0 0 1 0
#UNLEAF 47 -1 -1 -1 83 -1 49 -1 -1 38 18 -1 -1 12 0 89 -1 17 -1 46 -1 -1 46 -1
#END_DUMP idx=10 edge_count=22
#BEGIN_DUMP idx=11 doc_id=11 seed=0
#PACKED_NODES 24
#ROOT 3
#EDGE
1 0
1 19
2 1
2 21
3 2
3 5
3 8
3 12
3 15
3 17
5 4
5 9
5 18
7 6
8 7
11 10
12 11
14 13
15 14
17 16
21 20
23 22
#ISLEAF 1 0 0 0 1 0 1 0 0 1 1 0 0 1 0 0 1 0 1 1 1 0 1 0
#UNLEAF 47 -1 -1 -1 83 -1 49 -1 -1 38 18 -1 -1 88 -1 -1 70 -1 96 41 37 -1 46 -1
#END_DUMP idx=11 edge_count=22
#BEGIN_DUMP idx=12 doc_id=12 seed=0
#PACKED_NODES 24
#ROOT 3
#EDGE
1 0
2 1
3 2
3 5
3 8
3 12
3 15
3 17
3 22
5 4
5 9
7 6
8 7
8 19
11 10
12 11
12 20
14 13
15 14
17 16
19 18
22 21
23 22
#ISLEAF 1 0 0 0 1 0 1 0 0 1 1 0 0 1 0 0 1 0 1 0 1 1 0 0
#UNLEAF 47 -1 -1 -1 83 -1 49 -1 -1 38 18 -1 -1 64 -1 -1 14 -1 17 -1 75 9 -1 -1
#END_DUMP idx=12 edge_count=23
#BEGIN_DUMP idx=13 doc_id=13 seed=0
#PACKED_NODES 24
#ROOT 3
#EDGE
1 0
2 1
2 21
3 2
3 5
3 8
3 12
3 14
5 4
5 9
5 17
5 22
7 6
8 7
11 10
12 11
12 19
14 13
16 15
17 16
19 18
21 20
23 22
#ISLEAF 1 0 0 0 1 0 1 0 0 1 1 0 0 1 0 1 0 0 1 0 1 0 1 0
#UNLEAF 47 -1 -1 -1 83 -1 49 -1 -1 38 18 -1 -1 67 -1 51 -1 -1 21 -1 89 -1 96 -1
#END_DUMP idx=13 edge_count=23
#BEGIN_DUMP idx=14 doc_id=14 seed=0
#PACKED_NODES 24
#ROOT 3
#EDGE
1 0
2 1
2 17
2 18
3 2
3 5
3 8
3 12
3 15
5 4
5 9
5 20
7 6
8 7
11 10
11 13
12 11
15 14
17 16
20 19
21 20
23 22
#ISLEAF 1 0 0 0 1 0 1 0 0 1 1 0 0 1 1 0 1 0 1 1 0 0 1 0
#UNLEAF 47 -1 -1 -1 83 -1 49 -1 -1 38 18 -1 -1 45 57 -1 36 -1 12 25 -1 -1 96 -1
#END_DUMP idx=14 edge_count=22
#BEGIN_DUMP idx=15 doc_id=15 seed=0
#PACKED_NODES 24
#ROOT 3
#EDGE
1 0
2 1
3 2
3 5
3 8
3 12
3 16
5 4
5 9
5 14
5 18
7 6
7 19
8 7
11 10
12 11
12 20
14 13
16 15
18 17
21 20
23 22
#ISLEAF 1 0 0 0 1 0 1 0 0 1 1 0 0 1 0 1 0 1 0 1 1 0 1 0
#UNLEAF 47 -1 -1 -1 83 -1 49 -1 -1 38 18 -1 -1 54 -1 22 -1 40 -1 15 99 -1 96 -1
#END_DUMP idx=15 edge_count=22
#BEGIN_DUMP idx=16 doc_id=16 seed=0
#PACKED_NODES 24
#ROOT 3
#EDGE
1 0
2 1
2 23
3 2
3 5
3 8
3 12
3 14
3 17
3 19
5 4
5 9
7 6
8 7
8 21
11 10
12 11
14 13
16 15
17 16
19 18
21 20
23 22
#ISLEAF 1 0 0 0 1 0 1 0 0 1 1 0 0 1 0 1 0 0 1 0 1 0 1 0
#UNLEAF 47 -1 -1 -1 83 -1 49 -1 -1 38 18 -1 -1 94 -1 88 -1 -1 32 -1 17 -1 31 -1
#END_DUMP idx=16 edge_count=23
#BEGIN_DUMP idx=17 doc_id=17 seed=0
#PACKED_NODES 24
#ROOT 3
#EDGE
1 0
1 16
2 1
2 17
3 2
3 5
3 8
3 12
3 15
5 4
5 9
5 18
7 6
8 7
11 10
12 11
12 13
15 14
19 18
21 20
23 22
#ISLEAF 1 0 0 0 1 0 1 0 0 1 1 0 0 1 1 0 1 1 1 0 1 0 1 0
#UNLEAF 47 -1 -1 -1 83 -1 49 -1 -1 38 18 -1 -1 99 90 -1 41 78 96 -1 17 -1 31 -1
#END_DUMP idx=17 edge_count=21
#BEGIN_DUMP idx=18 doc_id=18 seed=0
#PACKED_NODES 24
#ROOT 3
#EDGE
1 0
2 1
2 14
3 2
3 5
3 8
3 12
3 16
3 23
5 4
5 9
5 18
5 20
7 6
8 7
11 10
12 11
14 13
16 15
18 17
20 19
22 21
23 22
#ISLEAF 1 0 0 0 1 0 1 0 0 1 1 0 0 1 0 1 0 1 0 1 0 1 0 0
#UNLEAF 47 -1 -1 -1 83 -1 49 -1 -1 38 18 -1 -1 61 -1 32 -1 25 -1 54 -1 63 -1 -1
#END_DUMP idx=18 edge_count=23
#BEGIN_DUMP idx=19 doc_id=19 seed=0
#PACKED_NODES 24
#ROOT 3
#EDGE
1 0
2 1
2 19
3 2
3 5
3 8
3 12
3 17
3 22
5 4
5 9
7 6
7 14
8 7
11 10
11 13
12 11
16 15
17 16
19 18
21 20
22 21
23 22
#ISLEAF 1 0 0 0 1 0 1 0 0 1 1 0 0 1 1 1 0 0 1 0 1 0 0 0
#UNLEAF 47 -1 -1 -1 83 -1 49 -1 -1 38 18 -1 -1 45 15 64 -1 -1 61 -1 97 -1 -1 -1
#END_DUMP idx=19 edge_count=23
#BEGIN_DUMP idx=20 doc_id=20 seed=0
#PACKED_NODES 24
#ROOT 3
#EDGE
1 0
2 1
3 2
3 5
3 8
3 12
3 18
5 4
5 9
5 15
5 20
7 6
7 13
7 16
8 7
11 10
12 11
15 14
18 17
20 19
21 20
22 21
23 22
#ISLEAF 1 0 0 0 1 0 1 0 0 1 1 0 0 1 1 0 1 1 0 1 0 0 0 0
#UNLEAF 47 -1 -1 -1 83 -1 49 -1 -1 38 18 -1 -1 59 30 -1 15 14 -1 68 -1 -1 -1 -1
#END_DUMP idx=20 edge_count=23
#BEGIN_DUMP idx=21 doc_id=21 seed=0
#PACKED_NODES 24
#ROOT 3
#EDGE
1 0
2 1
3 2
3 5
3 8
3 12
3 14
3 20
5 4
5 9
7 6
8 7
8 17
11 10
12 11
12 15
14 13
17 16
19 18
20 19
21 20
22 21
23 22
#ISLEAF 1 0 0 0 1 0 1 0 0 1 1 0 0 1 0 1 1 0 1 0 0 0 0 0
#UNLEAF 47 -1 -1 -1 83 -1 49 -1 -1 38 18 -1 -1 90 -1 44 17 -1 34 -1 -1 -1 -1 -1
#END_DUMP idx=21 edge_count=23
#BEGIN_DUMP idx=22 doc_id=22 seed=0
#PACKED_NODES 24
#ROOT 3
#EDGE
1 0
1 13
2 1
3 2
3 5
3 8
3 12
3 20
5 4
5 9
5 17
7 6
7 14
8 7
11 10
12 11
16 15
17 16
17 18
20 19
21 20
22 21
23 22
#ISLEAF 1 0 0 0 1 0 1 0 0 1 1 0 0 1 1 1 0 0 1 1 0 0 0 0
#UNLEAF 47 -1 -1 -1 83 -1 49 -1 -1 38 18 -1 -1 41 59 79 -1 -1 35 81 -1 -1 -1 -1
#END_DUMP idx=22 edge_count=23
#BEGIN_DUMP idx=23 doc_id=23 seed=0
#PACKED_NODES 25
#ROOT 3
#EDGE
1 0
2 1
2 17
3 2
3 5
3 8
3 12
3 15
3 22
5 4
5 9
5 24
7 6
8 7
11 10
12 11
12 19
14 13
15 14
17 16
19 18
21 20
22 21
24 23
#ISLEAF 1 0 0 0 1 0 1 0 0 1 1 0 0 1 0 0 1 0 1 0 1 0 0 1 0
#UNLEAF 47 -1 -1 -1 83 -1 49 -1 -1 38 18 -1 -1 63 -1 -1 89 -1 82 -1 88 -1 -1 95 -1
#END_DUMP idx=23 edge_count=24
#BEGIN_DUMP idx=24 doc_id=24 seed=0
#PACKED_NODES 25
#ROOT 3
#EDGE
1 0
2 1
3 2
3 5
3 8
3 12
5 4
5 9
5 16
5 18
5 20
7 6
8 7
8 15
11 10
12 11
12 14
14 13
18 17
20 19
21 20
22 21
24 23
#ISLEAF 1 0 0 0 1 0 1 0 0 1 1 0 0 1 0 1 1 1 0 1 0 0 0 1 0
#UNLEAF 47 -1 -1 -1 83 -1 49 -1 -1 38 18 -1 -1 71 -1 74 11 30 -1 13 -1 -1 -1 95 -1
#END_DUMP idx=24 edge_count=23
#BEGIN_DUMP idx=25 doc_id=25 seed=0
#PACKED_NODES 25
#ROOT 3
#EDGE
1 0
2 1
3 2
3 5
3 8
3 12
3 15
5 4
5 9
5 17
5 20
7 6
8 7
8 18
8 22
11 10
12 11
14 13
15 14
17 16
20 19
22 21
24 23
#ISLEAF 1 0 0 0 1 0 1 0 0 1 1 0 0 1 0 0 1 0 1 1 0 1 0 1 0
#UNLEAF 47 -1 -1 -1 83 -1 49 -1 -1 38 18 -1 -1 42 -1 -1 30 -1 85 19 -1 43 -1 95 -1
#END_DUMP idx=25 edge_count=23
#BEGIN_DUMP idx=26 doc_id=26 seed=0
#PACKED_NODES 25
#ROOT 3
#EDGE
1 0
2 1
3 2
3 5
3 8
3 12
3 20
5 4
5 9
5 14
5 16
5 17
5 18
7 6
8 7
11 10
12 11
14 13
16 15
20 19
22 21
24 23
#ISLEAF 1 0 0 0 1 0 1 0 0 1 1 0 0 1 0 1 0 1 1 1 0 1 0 1 0
#UNLEAF 47 -1 -1 -1 83 -1 49 -1 -1 38 18 -1 -1 35 -1 58 -1 4 20 39 -1 43 -1 95 -1
#END_DUMP idx=26 edge_count=22
#BEGIN_DUMP idx=27 doc_id=27 seed=0
#PACKED_NODES 25
#ROOT 3
#EDGE
1 0
2 1
2 16
3 2
3 5
3 8
3 12
3 15
5 4
5 9
5 17
7 6
8 7
11 10
12 11
12 18
14 13
15 14
20 19
22 21
24 23
#ISLEAF 1 0 0 0 1 0 1 0 0 1 1 0 0 1 0 0 1 1 1 1 0 1 0 1 0
#UNLEAF 47 -1 -1 -1 83 -1 49 -1 -1 38 18 -1 -1 42 -1 -1 69 96 99 39 -1 43 -1 95 -1
#END_DUMP idx=27 edge_count=21
#BEGIN_DUMP idx=28 doc_id=28 seed=0
#PACKED_NODES 25
#ROOT 3
#EDGE
1 0
2 1
2 22
3 2
3 5
3 8
3 12
3 15
3 19
5 4
5 9
5 16
7 6
8 7
11 10
12 11
12 20
14 13
15 14
18 17
19 18
22 21
24 23
#ISLEAF 1 0 0 0 1 0 1 0 0 1 1 0 0 1 0 0 1 1 0 0 1 1 0 1 0
#UNLEAF 47 -1 -1 -1 83 -1 49 -1 -1 38 18 -1 -1 56 -1 -1 96 88 -1 -1 0 55 -1 95 -1
#END_DUMP idx=28 edge_count=23
#BEGIN_DUMP idx=29 doc_id=29 seed=0
#PACKED_NODES 25
#ROOT 3
#EDGE
1 0
2 1
2 16
3 2
3 5
3 8
3 12
3 14
5 4
5 9
5 18
5 20
7 6
8 7
11 10
12 11
12 21
14 13
16 15
18 17
20 19
22 21
24 23
#ISLEAF 1 0 0 0 1 0 1 0 0 1 1 0 0 1 0 1 0 1 0 1 0 1 0 1 0
#UNLEAF 47 -1 -1 -1 83 -1 49 -1 -1 38 18 -1 -1 98 -1 33 -1 24 -1 50 -1 0 -1 95 -1
#END_DUMP idx=29 edge_count=23
#BEGIN_DUMP idx=30 doc_id=30 seed=0
#PACKED_NODES 25
#ROOT 3
#EDGE
1 0
2 1
2 18
3 2
3 5
3 8
3 12
3 15
5 4
5 9
5 16
5 20
7 6
8 7
11 10
12 11
12 13
15 14
18 17
20 19
22 21
24 23
#ISLEAF 1 0 0 0 1 0 1 0 0 1 1 0 0 1 1 0 1 1 0 1 0 1 0 1 0
#UNLEAF 47 -1 -1 -1 83 -1 49 -1 -1 38 18 -1 -1 0 94 -1 4 29 -1 53 -1 0 -1 95 -1
#END_DUMP idx=30 edge_count=22
#BEGIN_DUMP idx=31 doc_id=31 seed=0
#PACKED_NODES 25
#ROOT 3
#EDGE
1 0
2 1
2 18
3 2
3 5
3 8
3 12
3 14
3 17
5 4
5 9
5 20
7 6
8 7
11 10
12 11
12 21
14 13
16 15
17 16
20 19
22 21
24 23
#ISLEAF 1 0 0 0 1 0 1 0 0 1 1 0 0 1 0 1 0 0 1 1 0 1 0 1 0
#UNLEAF 47 -1 -1 -1 83 -1 49 -1 -1 38 18 -1 -1 94 -1 2 -1 -1 69 95 -1 66 -1 95 -1
#END_DUMP idx=31 edge_count=23
#BEGIN_DUMP idx=32 doc_id=32 seed=0
#PACKED_NODES 25
#ROOT 3
#EDGE
1 0
2 1
2 13
2 15
2 19
3 2
3 5
3 8
3 12
3 17
5 4
5 9
5 21
7 6
8 7
11 10
12 11
15 14
17 16
19 18
21 20
22 21
24 23
#ISLEAF 1 0 0 0 1 0 1 0 0 1 1 0 0 1 1 0 1 0 1 0 1 0 0 1 0
#UNLEAF 47 -1 -1 -1 83 -1 49 -1 -1 38 18 -1 -1 6 61 -1 28 -1 29 -1 10 -1 -1 95 -1
#END_DUMP idx=32 edge_count=23
#BEGIN_DUMP idx=33 doc_id=33 seed=0
#PACKED_NODES 25
#ROOT 3
#EDGE
1 0
2 1
2 14
3 2
3 5
3 8
3 12
3 18
5 4
5 9
5 20
7 6
8 7
11 10
11 13
12 11
12 16
16 15
18 17
20 19
21 20
22 21
24 23
#ISLEAF 1 0 0 0 1 0 1 0 0 1 1 0 0 1 1 1 0 1 0 1 0 0 0 1 0
#UNLEAF 47 -1 -1 -1 83 -1 49 -1 -1 38 18 -1 -1 45 6 8 -1 22 -1 19 -1 -1 -1 95 -1
#END_DUMP idx=33 edge_count=23
#BEGIN_DUMP idx=34 doc_id=34 seed=0
#PACKED_NODES 25
#ROOT 3
#EDGE
1 0
2 1
3 2
3 5
3 8
3 12
3 18
5 4
5 9
5 13
5 15
7 6
8 7
8 20
11 10
11 21
12 11
15 14
17 16
18 17
20 19
22 21
24 23
#ISLEAF 1 0 0 0 1 0 1 0 0 1 1 0 0 1 1 0 1 0 0 1 0 1 0 1 0
#UNLEAF 47 -1 -1 -1 83 -1 49 -1 -1 38 18 -1 -1 86 54 -1 63 -1 -1 76 -1 45 -1 95 -1
#END_DUMP idx=34 edge_count=23
#BEGIN_DUMP idx=35 doc_id=35 seed=0
#PACKED_NODES 25
#ROOT 3
#EDGE
1 0
2 1
2 18
3 2
3 5
3 8
3 12
3 14
3 16
3 19
5 4
5 9
7 6
8 7
11 10
12 11
12 20
14 13
16 15
18 17
22 21
24 23
#ISLEAF 1 0 0 0 1 0 1 0 0 1 1 0 0 1 0 1 0 1 0 1 1 1 0 1 0
#UNLEAF 47 -1 -1 -1 83 -1 49 -1 -1 38 18 -1 -1 65 -1 94 -1 37 -1 52 84 45 -1 95 -1
#END_DUMP idx=35 edge_count=22
#BEGIN_DUMP idx=36 doc_id=36 seed=0
#PACKED_NODES 25
#ROOT 3
#EDGE
1 0
2 1
3 2
3 5
3 8
3 12
3 16
3 20
5 4
5 9
5 14
5 18
7 6
8 7
8 22
11 10
12 11
14 13
16 15
18 17
20 19
22 21
24 23
#ISLEAF 1 0 0 0 1 0 1 0 0 1 1 0 0 1 0 1 0 1 0 1 0 1 0 1 0
#UNLEAF 47 -1 -1 -1 83 -1 49 -1 -1 38 18 -1 -1 24 -1 28 -1 80 -1 70 -1 76 -1 95 -1
#END_DUMP idx=36 edge_count=23
#BEGIN_DUMP idx=37 doc_id=37 seed=0
#PACKED_NODES 25
#ROOT 3
#EDGE
1 0
2 1
2 22
3 2
3 5
3 8
3 12
3 17
5 4
5 9
5 15
5 19
7 6
8 7
11 10
12 11
14 13
15 14
15 20
17 16
19 18
22 21
24 23
#ISLEAF 1 0 0 0 1 0 1 0 0 1 1 0 0 1 0 0 1 0 1 0 1 1 0 1 0
#UNLEAF 47 -1 -1 -1 83 -1 49 -1 -1 38 18 -1 -1 51 -1 -1 67 -1 53 -1 10 61 -1 95 -1
#END_DUMP idx=37 edge_count=23
#BEGIN_DUMP idx=38 doc_id=38 seed=0
#PACKED_NODES 25
#ROOT 3
#EDGE
1 0
2 1
2 16
2 18
3 2
3 5
3 8
3 12
5 4
5 9
5 14
5 20
7 6
8 7
11 10
12 11
14 13
16 15
18 17
20 19
22 21
24 23
#ISLEAF 1 0 0 0 1 0 1 0 0 1 1 0 0 1 0 1 0 1 0 1 0 1 0 1 0
#UNLEAF 47 -1 -1 -1 83 -1 49 -1 -1 38 18 -1 -1 13 -1 62 -1 55 -1 40 -1 61 -1 95 -1
#END_DUMP idx=38 edge_count=22
#BEGIN_DUMP idx=39 doc_id=39 seed=0
#PACKED_NODES 25
#ROOT 3
#EDGE
1 0
2 1
2 13
2 16
3 2
3 5
3 8
3 12
3 18
5 4
5 9
5 14
7 6
8 7
8 19
11 10
12 11
16 15
18 17
20 19
22 21
24 23
#ISLEAF 1 0 0 0 1 0 1 0 0 1 1 0 0 1 1 1 0 1 0 1 0 1 0 1 0
#UNLEAF 47 -1 -1 -1 83 -1 49 -1 -1 38 18 -1 -1 73 20 62 -1 39 -1 85 -1 61 -1 95 -1
#END_DUMP idx=39 edge_count=22
#BEGIN_DUMP idx=40 doc_id=40 seed=0
#PACKED_NODES 25
#ROOT 3
#EDGE
1 0
2 1
3 2
3 5
3 8
3 12
3 15
3 17
5 4
5 9
5 19
7 6
7 21
8 7
11 10
12 11
12 20
14 13
15 14
17 16
19 18
22 21
24 23
#ISLEAF 1 0 0 0 1 0 1 0 0 1 1 0 0 1 0 0 1 0 1 0 1 1 0 1 0
#UNLEAF 47 -1 -1 -1 83 -1 49 -1 -1 38 18 -1 -1 56 -1 -1 77 -1 95 -1 66 59 -1 95 -1
#END_DUMP idx=40 edge_count=23
#BEGIN_DUMP idx=41 doc_id=41 seed=0
#PACKED_NODES 25
#ROOT 3
#EDGE
1 0
2 1
2 19
3 2
3 5
3 8
3 12
3 14
3 17
5 4
5 9
5 22
5 24
7 6
8 7
11 10
12 11
14 13
16 15
17 16
19 18
21 20
22 21
24 23
#ISLEAF 1 0 0 0 1 0 1 0 0 1 1 0 0 1 0 1 0 0 1 0 1 0 0 1 0
#UNLEAF 47 -1 -1 -1 83 -1 49 -1 -1 38 18 -1 -1 94 -1 88 -1 -1 37 -1 51 -1 -1 54 -1
#END_DUMP idx=41 edge_count=24
#BEGIN_DUMP idx=42 doc_id=42 seed=0
#PACKED_NODES 25
#ROOT 3
#EDGE
1 0
2 1
2 21
3 2
3 5
3 8
3 12
3 15
5 4
5 9
5 13
5 17
5 19
7 6
8 7
11 10
12 11
15 14
17 16
19 18
21 20
22 21
24 23
#ISLEAF 1 0 0 0 1 0 1 0 0 1 1 0 0 1 1 0 1 0 1 0 1 0 0 1 0
#UNLEAF 47 -1 -1 -1 83 -1 49 -1 -1 38 18 -1 -1 4 9 -1 95 -1 35 -1 31 -1 -1 54 -1
#END_DUMP idx=42 edge_count=23
#BEGIN_DUMP idx=43 doc_id=43 seed=0
#PACKED_NODES 25
#ROOT 3
#EDGE
1 0
2 1
3 2
3 5
3 8
3 12
3 18
5 4
5 9
5 15
5 20
7 6
8 7
11 10
12 11
12 13
15 14
17 16
18 17
20 19
21 20
22 21
24 23
#ISLEAF 1 0 0 0 1 0 1 0 0 1 1 0 0 1 1 0 1 0 0 1 0 0 0 1 0
#UNLEAF 47 -1 -1 -1 83 -1 49 -1 -1 38 18 -1 -1 66 58 -1 42 -1 -1 40 -1 -1 -1 54 -1
#END_DUMP idx=43 edge_count=23
#BEGIN_DUMP idx=44 doc_id=44 seed=0
#PACKED_NODES 25
#ROOT 3
#EDGE
1 0
2 1
2 19
3 2
3 5
3 8
3 12
3 14
3 16
5 4
5 9
5 17
7 6
8 7
11 10
12 11
12 18
14 13
16 15
20 19
21 20
22 21
24 23
#ISLEAF 1 0 0 0 1 0 1 0 0 1 1 0 0 1 0 1 0 1 1 1 0 0 0 1 0
#UNLEAF 47 -1 -1 -1 83 -1 49 -1 -1 38 18 -1 -1 81 -1 90 -1 11 99 12 -1 -1 -1 54 -1
#END_DUMP idx=44 edge_count=23
#BEGIN_DUMP idx=45 doc_id=45 seed=0
#PACKED_NODES 25
#ROOT 3
#EDGE
1 0
2 1
2 17
2 21
3 2
3 5
3 8
3 12
3 20
5 4
5 9
5 15
5 18
7 6
8 7
11 10
12 11
14 13
15 14
17 16
20 19
22 21
24 23
#ISLEAF 1 0 0 0 1 0 1 0 0 1 1 0 0 1 0 0 1 0 1 1 0 1 0 1 0
#UNLEAF 47 -1 -1 -1 83 -1 49 -1 -1 38 18 -1 -1 51 -1 -1 61 -1 20 98 -1 73 -1 54 -1
#END_DUMP idx=45 edge_count=23
#BEGIN_DUMP idx=46 doc_id=46 seed=0
#PACKED_NODES 25
#ROOT 3
#EDGE
1 0
2 1
2 13
3 2
3 5
3 8
3 12
5 4
5 9
5 15
5 18
7 6
8 7
11 10
12 11
12 16
15 14
18 17
20 19
22 21
24 23
#ISLEAF 1 0 0 0 1 0 1 0 0 1 1 0 0 1 1 0 1 1 0 1 0 1 0 1 0
#UNLEAF 47 -1 -1 -1 83 -1 49 -1 -1 38 18 -1 -1 78 7 -1 99 80 -1 98 -1 73 -1 54 -1
#END_DUMP idx=46 edge_count=21
#BEGIN_DUMP idx=47 doc_id=47 seed=0
#PACKED_NODES 25
#ROOT 3
#EDGE
1 0
2 1
2 22
3 2
3 5
3 8
3 12
5 4
5 9
5 18
5 20
7 6
8 7
8 14
11 10
12 11
12 16
14 13
16 15
18 17
20 19
22 21
24 23
#ISLEAF 1 0 0 0 1 0 1 0 0 1 1 0 0 1 0 1 0 1 0 1 0 1 0 1 0
#UNLEAF 47 -1 -1 -1 83 -1 49 -1 -1 38 18 -1 -1 76 -1 71 -1 53 -1 19 -1 36 -1 54 -1
#END_DUMP idx=47 edge_count=23
#BEGIN_DUMP idx=48 doc_id=48 seed=0
#PACKED_NODES 25
#ROOT 3
#EDGE
1 0
2 1
3 2
3 5
3 8
3 12
3 18
3 21
5 4
5 9
5 14
5 15
5 16
7 6
8 7
11 10
12 11
14 13
18 17
20 19
21 20
22 21
24 23
#ISLEAF 1 0 0 0 1 0 1 0 0 1 1 0 0 1 0 1 1 1 0 1 0 0 0 1 0
#UNLEAF 47 -1 -1 -1 83 -1 49 -1 -1 38 18 -1 -1 30 -1 20 4 94 -1 56 -1 -1 -1 54 -1
#END_DUMP idx=48 edge_count=23
#BEGIN_DUMP idx=49 doc_id=49 seed=0
#PACKED_NODES 25
#ROOT 3
#EDGE
1 0
2 1
2 16
2 18
3 2
3 5
3 8
3 12
5 4
5 9
7 6
8 7
8 14
11 10
12 11
14 13
16 15
16 19
18 17
18 20
21 20
22 21
24 23
#ISLEAF 1 0 0 0 1 0 1 0 0 1 1 0 0 1 0 1 0 1 0 1 1 0 0 1 0
#UNLEAF 47 -1 -1 -1 83 -1 49 -1 -1 38 18 -1 -1 60 -1 31 -1 55 -1 89 61 -1 -1 54 -1
#END_DUMP idx=49 edge_count=23
#BEGIN_DUMP idx=50 doc_id=50 seed=0
#PACKED_NODES 25
#ROOT 3
#EDGE
1 0
2 1
2 15
3 2
3 5
3 8
3 12
3 14
3 17
3 20
3 23
5 4
5 9
7 6
8 7
11 10
12 11
14 13
17 16
19 18
20 19
22 21
23 22
24 23
#ISLEAF 1 0 0 0 1 0 1 0 0 1 1 0 0 1 0 1 1 0 1 0 0 1 0 0 0
#UNLEAF 47 -1 -1 -1 83 -1 49 -1 -1 38 18 -1 -1 14 -1 12 81 -1 42 -1 -1 63 -1 -1 -1
#END_DUMP idx=50 edge_count=24
#BEGIN_DUMP idx=51 doc_id=51 seed=0
#PACKED_NODES 25
#ROOT 3
#EDGE
1 0
2 1
3 2
3 5
3 8
3 12
3 14
3 20
5 4
5 9
5 18
7 6
8 7
8 15
11 10
12 11
12 16
14 13
18 17
20 19
22 21
23 22
24 23
#ISLEAF 1 0 0 0 1 0 1 0 0 1 1 0 0 1 0 1 1 1 0 1 0 1 0 0 0
#UNLEAF 47 -1 -1 -1 83 -1 49 -1 -1 38 18 -1 -1 48 -1 16 99 7 -1 46 -1 63 -1 -1 -1
#END_DUMP idx=51 edge_count=23
#BEGIN_DUMP idx=52 doc_id=52 seed=0
#PACKED_NODES 25
#ROOT 3
#EDGE
1 0
2 1
2 17
3 2
3 5
3 8
3 12
3 15
5 4
5 9
5 19
5 21
7 6
8 7
11 10
12 11
14 13
15 14
17 16
19 18
21 20
22 21
23 22
24 23
#ISLEAF 1 0 0 0 1 0 1 0 0 1 1 0 0 1 0 0 1 0 1 0 1 0 0 0 0
#UNLEAF 47 -1 -1 -1 83 -1 49 -1 -1 38 18 -1 -1 97 -1 -1 5 -1 13 -1 10 -1 -1 -1 -1
#END_DUMP idx=52 edge_count=24
#BEGIN_DUMP idx=53 doc_id=53 seed=0
#PACKED_NODES 25
#ROOT 3
#EDGE
1 0
2 1
3 2
3 5
3 8
3 12
3 15
3 20
5 4
5 9
5 17
7 6
8 7
11 10
12 11
12 13
12 18
15 14
17 16
20 19
21 20
22 21
23 22
24 23
#ISLEAF 1 0 0 0 1 0 1 0 0 1 1 0 0 1 1 0 1 0 1 1 0 0 0 0 0
#UNLEAF 47 -1 -1 -1 83 -1 49 -1 -1 38 18 -1 -1 44 3 -1 13 -1 75 14 -1 -1 -1 -1 -1
#END_DUMP idx=53 edge_count=24
#BEGIN_DUMP idx=54 doc_id=54 seed=0
#PACKED_NODES 25
#ROOT 3
#EDGE
1 0
2 1
2 16
3 2
3 5
3 8
3 12
3 15
5 4
5 9
5 18
7 6
8 7
8 19
11 10
12 11
14 13
15 14
18 17
20 19
21 20
22 21
23 22
24 23
#ISLEAF 1 0 0 0 1 0 1 0 0 1 1 0 0 1 0 0 1 1 0 1 0 0 0 0 0
#UNLEAF 47 -1 -1 -1 83 -1 49 -1 -1 38 18 -1 -1 88 -1 -1 78 54 -1 74 -1 -1 -1 -1 -1
#END_DUMP idx=54 edge_count=24
#BEGIN_DUMP idx=55 doc_id=55 seed=0
#PACKED_NODES 25
#ROOT 3
#EDGE
1 0
2 1
2 21
3 2
3 5
3 8
3 12
3 14
3 17
3 19
5 4
5 9
7 6
7 15
8 7
11 10
12 11
14 13
17 16
19 18
21 20
22 21
23 22
24 23
#ISLEAF 1 0 0 0 1 0 1 0 0 1 1 0 0 1 0 1 1 0 1 0 1 0 0 0 0
#UNLEAF 47 -1 -1 -1 83 -1 49 -1 -1 38 18 -1 -1 48 -1 15 67 -1 46 -1 55 -1 -1 -1 -1
#END_DUMP idx=55 edge_count=24
#BEGIN_DUMP idx=56 doc_id=56 seed=0
#PACKED_NODES 25
#ROOT 3
#EDGE
1 0
2 1
3 2
3 5
3 8
3 12
3 14
3 21
5 4
5 9
5 18
7 6
8 7
8 15
11 10
12 11
12 16
14 13
18 17
20 19
21 20
22 21
23 22
24 23
#ISLEAF 1 0 0 0 1 0 1 0 0 1 1 0 0 1 0 1 1 1 0 1 0 0 0 0 0
#UNLEAF 47 -1 -1 -1 83 -1 49 -1 -1 38 18 -1 -1 92 -1 74 66 13 -1 88 -1 -1 -1 -1 -1
#END_DUMP idx=56 edge_count=24
#BEGIN_DUMP idx=57 doc_id=57 seed=0
#PACKED_NODES 25
#ROOT 3
#EDGE
1 0
1 13
2 1
2 17
3 2
3 5
3 8
3 12
3 20
5 4
5 9
7 6
8 7
8 15
11 10
12 11
15 14
17 16
19 18
19 21
20 19
22 21
23 22
24 23
#ISLEAF 1 0 0 0 1 0 1 0 0 1 1 0 0 1 1 0 1 0 1 0 0 1 0 0 0
#UNLEAF 47 -1 -1 -1 83 -1 49 -1 -1 38 18 -1 -1 41 17 -1 31 -1 23 -1 -1 56 -1 -1 -1
#END_DUMP idx=57 edge_count=24
#BEGIN_DUMP idx=58 doc_id=58 seed=0
#PACKED_NODES 25
#ROOT 3
#EDGE
1 0
2 1
2 17
3 2
3 5
3 8
3 12
5 4
5 9
5 14
5 21
7 6
8 7
11 10
12 11
12 15
12 19
14 13
17 16
19 18
21 20
22 21
23 22
24 23
#ISLEAF 1 0 0 0 1 0 1 0 0 1 1 0 0 1 0 1 1 0 1 0 1 0 0 0 0
#UNLEAF 47 -1 -1 -1 83 -1 49 -1 -1 38 18 -1 -1 35 -1 66 29 -1 8 -1 13 -1 -1 -1 -1
#END_DUMP idx=58 edge_count=24
#BEGIN_DUMP idx=59 doc_id=59 seed=0
#PACKED_NODES 25
#ROOT 3
#EDGE
1 0
2 1
2 13
2 19
2 20
3 2
3 5
3 8
3 12
3 17
5 4
5 9
7 6
8 7
11 10
12 11
12 14
16 15
17 16
19 18
21 20
22 21
23 22
24 23
#ISLEAF 1 0 0 0 1 0 1 0 0 1 1 0 0 1 1 1 0 0 1 0 1 0 0 0 0
#UNLEAF 47 -1 -1 -1 83 -1 49 -1 -1 38 18 -1 -1 73 99 23 -1 -1 29 -1 93 -1 -1 -1 -1
#END_DUMP idx=59 edge_count=24
#BEGIN_DUMP idx=60 doc_id=60 seed=0
#PACKED_NODES 25
#ROOT 3
#EDGE
1 0
2 1
3 2
3 5
3 8
3 12
3 14
3 21
5 4
5 9
5 19
7 6
8 7
11 10
12 11
12 16
12 17
14 13
16 15
19 18
21 20
22 21
23 22
24 23
#ISLEAF 1 0 0 0 1 0 1 0 0 1 1 0 0 1 0 1 0 1 1 0 1 0 0 0 0
#UNLEAF 47 -1 -1 -1 83 -1 49 -1 -1 38 18 -1 -1 3 -1 82 -1 72 80 -1 90 -1 -1 -1 -1
#END_DUMP idx=60 edge_count=24
#BEGIN_DUMP idx=61 doc_id=61 seed=0
#PACKED_NODES 25
#ROOT 3
#EDGE
1 0
2 1
2 14
2 19
3 2
3 5
3 8
3 12
3 16
5 4
5 9
5 21
7 6
8 7
11 10
12 11
12 17
14 13
16 15
19 18
21 20
22 21
23 22
24 23
#ISLEAF 1 0 0 0 1 0 1 0 0 1 1 0 0 1 0 1 0 1 1 0 1 0 0 0 0
#UNLEAF 47 -1 -1 -1 83 -1 49 -1 -1 38 18 -1 -1 62 -1 92 -1 44 36 -1 19 -1 -1 -1 -1
#END_DUMP idx=61 edge_count=24
#BEGIN_DUMP idx=62 doc_id=62 seed=0
#PACKED_NODES 25
#ROOT 3
#EDGE
1 0
1 20
2 1
3 2
3 5
3 8
3 12
3 15
3 17
3 19
3 22
5 4
5 9
7 6
8 7
11 10
12 11
14 13
15 14
17 16
19 18
22 21
23 22
24 23
#ISLEAF 1 0 0 0 1 0 1 0 0 1 1 0 0 1 0 0 1 0 1 0 1 1 0 0 0
#UNLEAF 47 -1 -1 -1 83 -1 49 -1 -1 38 18 -1 -1 63 -1 -1 92 -1 90 -1 41 3 -1 -1 -1
#END_DUMP idx=62 edge_count=24
#BEGIN_DUMP idx=63 doc_id=63 seed=0
#PACKED_NODES 25
#ROOT 3
#EDGE
1 0
2 1
2 16
3 2
3 5
3 8
3 12
3 18
3 20
5 4
5 9
5 15
7 6
8 7
11 10
12 11
12 13
15 14
18 17
20 19
22 21
23 22
24 23
#ISLEAF 1 0 0 0 1 0 1 0 0 1 1 0 0 1 1 0 1 1 0 1 0 1 0 0 0
#UNLEAF 47 -1 -1 -1 83 -1 49 -1 -1 38 18 -1 -1 72 7 -1 69 67 -1 77 -1 3 -1 -1 -1
#END_DUMP idx=63 edge_count=23
#BEGIN_DUMP idx=64 doc_id=64 seed=0
#PACKED_NODES 25
#ROOT 3
#EDGE
1 0
2 1
2 13
2 15
3 2
3 5
3 8
3 12
3 17
5 4
5 9
7 6
7 19
8 7
8 18
11 10
12 11
15 14
17 16
20 19
22 21
23 22
24 23
#ISLEAF 1 0 0 0 1 0 1 0 0 1 1 0 0 1 1 0 1 0 1 1 0 1 0 0 0
#UNLEAF 47 -1 -1 -1 83 -1 49 -1 -1 38 18 -1 -1 6 89 -1 94 -1 74 15 -1 3 -1 -1 -1
#END_DUMP idx=64 edge_count=23
#BEGIN_DUMP idx=65 doc_id=65 seed=0
#PACKED_NODES 25
#ROOT 3
#EDGE
1 0
2 1
2 13
2 18
3 2
3 5
3 8
3 12
3 20
5 4
5 9
5 16
7 6
8 7
11 10
12 11
12 14
16 15
18 17
20 19
22 21
23 22
24 23
#ISLEAF 1 0 0 0 1 0 1 0 0 1 1 0 0 1 1 1 0 1 0 1 0 1 0 0 0
#UNLEAF 47 -1 -1 -1 83 -1 49 -1 -1 38 18 -1 -1 93 0 50 -1 61 -1 92 -1 3 -1 -1 -1
#END_DUMP idx=65 edge_count=23
#BEGIN_DUMP idx=66 doc_id=66 seed=0
#PACKED_NODES 25
#ROOT 3
#EDGE
1 0
2 1
2 19
3 2
3 5
3 8
3 12
3 21
5 4
5 9
5 16
5 18
7 6
8 7
8 14
11 10
12 11
14 13
16 15
18 17
21 20
22 21
23 22
24 23
#ISLEAF 1 0 0 0 1 0 1 0 0 1 1 0 0 1 0 1 0 1 0 1 1 0 0 0 0
#UNLEAF 47 -1 -1 -1 83 -1 49 -1 -1 38 18 -1 -1 43 -1 87 -1 25 -1 93 3 -1 -1 -1 -1
#END_DUMP idx=66 edge_count=24
#BEGIN_DUMP idx=67 doc_id=67 seed=0
#PACKED_NODES 25
#ROOT 3
#EDGE
1 0
2 1
3 2
3 5
3 8
3 12
3 14
3 18
3 20
5 4
5 9
5 16
7 6
8 7
11 10
12 11
14 13
16 15
16 21
18 17
20 19
22 21
23 22
24 23
#ISLEAF 1 0 0 0 1 0 1 0 0 1 1 0 0 1 0 1 0 1 0 1 0 1 0 0 0
#UNLEAF 47 -1 -1 -1 83 -1 49 -1 -1 38 18 -1 -1 39 -1 40 -1 65 -1 77 -1 10 -1 -1 -1
#END_DUMP idx=67 edge_count=24
#BEGIN_DUMP idx=68 doc_id=68 seed=0
#PACKED_NODES 25
#ROOT 3
#EDGE
1 0
2 1
3 2
3 5
3 8
3 12
3 14
3 16
5 4
5 9
5 19
5 20
7 6
8 7
11 10
12 11
12 21
14 13
16 15
18 17
19 18
22 21
23 22
24 23
#ISLEAF 1 0 0 0 1 0 1 0 0 1 1 0 0 1 0 1 0 1 0 0 1 1 0 0 0
#UNLEAF 47 -1 -1 -1 83 -1 49 -1 -1 38 18 -1 -1 90 -1 39 -1 51 -1 -1 20 72 -1 -1 -1
#END_DUMP idx=68 edge_count=24
#BEGIN_DUMP idx=69 doc_id=69 seed=0
#PACKED_NODES 25
#ROOT 3
#EDGE
1 0
2 1
3 2
3 5
3 8
3 12
3 17
3 21
5 4
5 9
5 14
7 6
8 7
11 10
12 11
12 18
14 13
16 15
17 16
20 19
21 20
22 21
23 22
24 23
#ISLEAF 1 0 0 0 1 0 1 0 0 1 1 0 0 1 0 1 0 0 1 1 0 0 0 0 0
#UNLEAF 47 -1 -1 -1 83 -1 49 -1 -1 38 18 -1 -1 68 -1 64 -1 -1 44 63 -1 -1 -1 -1 -1
#END_DUMP idx=69 edge_count=24
#BEGIN_DUMP idx=70 doc_id=70 seed=0
#PACKED_NODES 25
#ROOT 3
#EDGE
1 0
2 1
2 19
3 2
3 5
3 8
3 12
3 14
3 21
5 4
5 9
5 16
7 6
8 7
11 10
12 11
14 13
14 17
16 15
19 18
21 20
22 21
23 22
24 23
#ISLEAF 1 0 0 0 1 0 1 0 0 1 1 0 0 1 0 1 0 1 1 0 1 0 0 0 0
#UNLEAF 47 -1 -1 -1 83 -1 49 -1 -1 38 18 -1 -1 92 -1 30 -1 81 31 -1 57 -1 -1 -1 -1
#END_DUMP idx=70 edge_count=24
#BEGIN_DUMP idx=71 doc_id=71 seed=0
#PACKED_NODES 25
#ROOT 3
#EDGE
1 0
2 1
2 17
2 19
3 2
3 5
3 8
3 12
3 14
5 4
5 9
5 15
7 6
8 7
11 10
12 11
12 16
14 13
19 18
21 20
22 21
23 22
24 23
#ISLEAF 1 0 0 0 1 0 1 0 0 1 1 0 0 1 0 1 1 1 1 0 1 0 0 0 0
#UNLEAF 47 -1 -1 -1 83 -1 49 -1 -1 38 18 -1 -1 22 -1 96 99 73 5 -1 57 -1 -1 -1 -1
#END_DUMP idx=71 edge_count=23
#BEGIN_DUMP idx=72 doc_id=72 seed=0
#PACKED_NODES 25
#ROOT 3
#EDGE
1 0
2 1
2 14
2 19
3 2
3 5
3 8
3 12
3 13
3 17
5 4
5 9
7 6
8 7
11 10
11 18
12 11
16 15
17 16
21 20
22 21
23 22
24 23
#ISLEAF 1 0 0 0 1 0 1 0 0 1 1 0 0 1 1 1 0 0 1 1 1 0 0 0 0
#UNLEAF 47 -1 -1 -1 83 -1 49 -1 -1 38 18 -1 -1 52 12 2 -1 -1 45 78 57 -1 -1 -1 -1
#END_DUMP idx=72 edge_count=23
#BEGIN_DUMP idx=73 doc_id=73 seed=0
#PACKED_NODES 25
#ROOT 3
#EDGE
1 0
2 1
3 2
3 5
3 8
3 12
3 14
3 17
3 19
3 23
5 4
5 9
7 6
8 7
11 10
12 11
12 21
14 13
16 15
17 16
19 18
21 20
23 22
24 23
#ISLEAF 1 0 0 0 1 0 1 0 0 1 1 0 0 1 0 1 0 0 1 0 1 0 1 0 0
#UNLEAF 47 -1 -1 -1 83 -1 49 -1 -1 38 18 -1 -1 39 -1 23 -1 -1 67 -1 82 -1 70 -1 -1
#END_DUMP idx=73 edge_count=24
#BEGIN_DUMP idx=74 doc_id=74 seed=0
#PACKED_NODES 25
#ROOT 3
#EDGE
1 0
2 1
2 13
2 18
3 2
3 5
3 8
3 12
3 20
5 4
5 9
5 17
7 6
8 7
11 10
12 11
12 14
16 15
17 16
20 19
21 20
23 22
24 23
#ISLEAF 1 0 0 0 1 0 1 0 0 1 1 0 0 1 1 1 0 0 1 1 0 0 1 0 0
#UNLEAF 47 -1 -1 -1 83 -1 49 -1 -1 38 18 -1 -1 6 0 79 -1 -1 69 22 -1 -1 70 -1 -1
#END_DUMP idx=74 edge_count=23
#BEGIN_DUMP idx=75 doc_id=75 seed=0
#PACKED_NODES 25
#ROOT 3
#EDGE
1 0
2 1
2 18
3 2
3 5
3 8
3 12
3 16
5 4
5 9
5 14
5 17
5 19
7 6
8 7
11 10
12 11
14 13
16 15
20 19
21 20
23 22
24 23
#ISLEAF 1 0 0 0 1 0 1 0 0 1 1 0 0 1 0 1 0 1 1 1 0 0 1 0 0
#UNLEAF 47 -1 -1 -1 83 -1 49 -1 -1 38 18 -1 -1 35 -1 26 -1 86 69 20 -1 -1 70 -1 -1
#END_DUMP idx=75 edge_count=23
#BEGIN_DUMP idx=76 doc_id=76 seed=0
#PACKED_NODES 25
#ROOT 3
#EDGE
1 0
2 1
2 15
3 2
3 5
3 8
3 12
5 4
5 9
5 17
5 20
7 6
8 7
8 13
11 10
12 11
15 14
17 16
19 18
20 19
21 20
23 22
24 23
#ISLEAF 1 0 0 0 1 0 1 0 0 1 1 0 0 1 1 0 1 0 1 0 0 0 1 0 0
#UNLEAF 47 -1 -1 -1 83 -1 49 -1 -1 38 18 -1 -1 74 5 -1 95 -1 79 -1 -1 -1 70 -1 -1
#END_DUMP idx=76 edge_count=23
#BEGIN_DUMP idx=77 doc_id=77 seed=0
#PACKED_NODES 25
#ROOT 3
#EDGE
1 0
2 1
2 15
3 2
3 5
3 8
3 12
3 17
5 4
5 9
5 14
7 6
8 7
11 10
12 11
14 13
17 16
17 19
19 18
20 19
21 20
23 22
24 23
#ISLEAF 1 0 0 0 1 0 1 0 0 1 1 0 0 1 0 1 1 0 1 0 0 0 1 0 0
#UNLEAF 47 -1 -1 -1 83 -1 49 -1 -1 38 18 -1 -1 24 -1 78 98 -1 63 -1 -1 -1 70 -1 -1
#END_DUMP idx=77 edge_count=23
#BEGIN_DUMP idx=78 doc_id=78 seed=0
#PACKED_NODES 25
#ROOT 3
#EDGE
1 0
2 1
3 2
3 5
3 8
3 12
3 14
3 21
5 4
5 9
5 17
5 18
7 6
7 15
8 7
11 10
12 11
14 13
17 16
20 19
21 20
23 22
24 23
#ISLEAF 1 0 0 0 1 0 1 0 0 1 1 0 0 1 0 1 1 0 1 1 0 0 1 0 0
#UNLEAF 47 -1 -1 -1 83 -1 49 -1 -1 38 18 -1 -1 32 -1 15 54 -1 11 63 -1 -1 70 -1 -1
#END_DUMP idx=78 edge_count=23
#BEGIN_DUMP idx=79 doc_id=79 seed=0
#PACKED_NODES 25
#ROOT 3
#EDGE
1 0
2 1
3 2
3 5
3 8
3 12
3 14
3 16
3 20
3 23
5 4
5 9
7 6
8 7
11 10
12 11
14 13
14 17
16 15
19 18
20 19
22 21
23 22
24 23
#ISLEAF 1 0 0 0 1 0 1 0 0 1 1 0 0 1 0 1 0 1 1 0 0 1 0 0 0
#UNLEAF 47 -1 -1 -1 83 -1 49 -1 -1 38 18 -1 -1 14 -1 81 -1 39 34 -1 -1 42 -1 -1 -1
#END_DUMP idx=79 edge_count=24
#BEGIN_DUMP idx=80 doc_id=80 seed=0
#PACKED_NODES 25
#ROOT 3
#EDGE
1 0
1 22
2 1
3 2
3 5
3 8
3 12
3 15
3 17
3 21
5 4
5 9
5 19
7 6
8 7
11 10
12 11
14 13
15 14
17 16
19 18
21 20
23 22
24 23
#ISLEAF 1 0 0 0 1 0 1 0 0 1 1 0 0 1 0 0 1 0 1 0 1 0 1 0 0
#UNLEAF 47 -1 -1 -1 83 -1 49 -1 -1 38 18 -1 -1 56 -1 -1 39 -1 19 -1 22 -1 41 -1 -1
#END_DUMP idx=80 edge_count=24
#BEGIN_DUMP idx=81 doc_id=81 seed=0
#PACKED_NODES 25
#ROOT 3
#EDGE
1 0
2 1
2 19
2 21
3 2
3 5
3 8
3 12
3 18
5 4
5 9
7 6
8 7
8 13
11 10
12 11
12 15
15 14
17 16
18 17
21 20
23 22
24 23
#ISLEAF 1 0 0 0 1 0 1 0 0 1 1 0 0 1 1 0 1 0 0 1 1 0 1 0 0
#UNLEAF 47 -1 -1 -1 83 -1 49 -1 -1 38 18 -1 -1 85 1 -1 23 -1 -1 6 33 -1 41 -1 -1
#END_DUMP idx=81 edge_count=23
#BEGIN_DUMP idx=82 doc_id=82 seed=0
#PACKED_NODES 25
#ROOT 3
#EDGE
1 0
1 17
2 1
2 14
3 2
3 5
3 8
3 12
3 20
5 4
5 9
5 16
7 6
8 7
8 21
11 10
12 11
14 13
16 15
19 18
20 19
23 22
24 23
#ISLEAF 1 0 0 0 1 0 1 0 0 1 1 0 0 1 0 1 0 1 1 0 0 1 1 0 0
#UNLEAF 47 -1 -1 -1 83 -1 49 -1 -1 38 18 -1 -1 5 -1 53 -1 41 63 -1 -1 16 41 -1 -1
#END_DUMP idx=82 edge_count=23
#BEGIN_DUMP idx=83 doc_id=83 seed=0
#PACKED_NODES 25
#ROOT 3
#EDGE
1 0
2 1
3 2
3 5
3 8
3 12
3 14
5 4
5 9
5 16
5 20
7 6
8 7
8 18
11 10
12 11
12 22
14 13
16 15
18 17
20 19
22 21
23 22
24 23
#ISLEAF 1 0 0 0 1 0 1 0 0 1 1 0 0 1 0 1 0 1 0 1 0 1 0 0 0
#UNLEAF 47 -1 -1 -1 83 -1 49 -1 -1 38 18 -1 -1 94 -1 58 -1 60 -1 53 -1 82 -1 -1 -1
#END_DUMP idx=83 edge_count=24
#BEGIN_DUMP idx=84 doc_id=84 seed=0
#PACKED_NODES 25
#ROOT 3
#EDGE
1 0
2 1
2 14
2 16
3 2
3 5
3 8
3 12
3 20
5 4
5 9
7 6
8 7
11 10
12 11
12 18
14 13
16 15
18 17
20 19
22 21
23 22
24 23
#ISLEAF 1 0 0 0 1 0 1 0 0 1 1 0 0 1 0 1 0 1 0 1 0 1 0 0 0
#UNLEAF 47 -1 -1 -1 83 -1 49 -1 -1 38 18 -1 -1 36 -1 37 -1 91 -1 46 -1 82 -1 -1 -1
#END_DUMP idx=84 edge_count=23
#BEGIN_DUMP idx=85 doc_id=85 seed=0
#PACKED_NODES 25
#ROOT 3
#EDGE
1 0
2 1
2 16
2 20
3 2
3 5
3 8
3 12
3 15
3 19
5 4
5 9
7 6
8 7
11 10
12 11
12 21
14 13
15 14
18 17
19 18
22 21
23 22
24 23
#ISLEAF 1 0 0 0 1 0 1 0 0 1 1 0 0 1 0 0 1 1 0 0 1 1 0 0 0
#UNLEAF 47 -1 -1 -1 83 -1 49 -1 -1 38 18 -1 -1 34 -1 -1 6 97 -1 -1 12 99 -1 -1 -1
#END_DUMP idx=85 edge_count=24
#BEGIN_DUMP idx=86 doc_id=86 seed=0
#PACKED_NODES 25
#ROOT 3
#EDGE
1 0
2 1
2 22
3 2
3 5
3 8
3 12
5 4
5 9
5 14
5 16
5 18
7 6
8 7
8 20
11 10
12 11
14 13
16 15
18 17
20 19
22 21
23 22
24 23
#ISLEAF 1 0 0 0 1 0 1 0 0 1 1 0 0 1 0 1 0 1 0 1 0 1 0 0 0
#UNLEAF 47 -1 -1 -1 83 -1 49 -1 -1 38 18 -1 -1 35 -1 68 -1 7 -1 76 -1 55 -1 -1 -1
#END_DUMP idx=86 edge_count=24
#BEGIN_DUMP idx=87 doc_id=87 seed=0
#PACKED_NODES 25
#ROOT 3
#EDGE
1 0
2 1
3 2
3 5
3 8
3 12
3 19
5 4
5 9
5 14
5 15
5 22
7 6
8 7
11 10
12 11
12 17
14 13
17 16
19 18
21 20
22 21
23 22
24 23
#ISLEAF 1 0 0 0 1 0 1 0 0 1 1 0 0 1 0 1 1 0 1 0 1 0 0 0 0
#UNLEAF 47 -1 -1 -1 83 -1 49 -1 -1 38 18 -1 -1 58 -1 96 82 -1 22 -1 51 -1 -1 -1 -1
#END_DUMP idx=87 edge_count=24
#BEGIN_DUMP idx=88 doc_id=88 seed=0
#PACKED_NODES 25
#ROOT 3
#EDGE
1 0
2 1
3 2
3 5
3 8
3 12
3 15
5 4
5 9
5 19
7 6
7 20
8 7
11 10
12 11
12 17
14 13
15 14
17 16
19 18
21 20
22 21
23 22
24 23
#ISLEAF 1 0 0 0 1 0 1 0 0 1 1 0 0 1 0 0 1 0 1 0 1 0 0 0 0
#UNLEAF 47 -1 -1 -1 83 -1 49 -1 -1 38 18 -1 -1 63 -1 -1 21 -1 7 -1 59 -1 -1 -1 -1
#END_DUMP idx=88 edge_count=24
#BEGIN_DUMP idx=89 doc_id=89 seed=0
#PACKED_NODES 25
#ROOT 3
#EDGE
1 0
2 1
3 2
3 5
3 8
3 12
3 19
5 4
5 9
5 17
7 6
7 15
8 7
11 10
12 11
12 14
12 20
14 13
17 16
19 18
21 20
22 21
23 22
24 23
#ISLEAF 1 0 0 0 1 0 1 0 0 1 1 0 0 1 0 1 1 0 1 0 1 0 0 0 0
#UNLEAF 47 -1 -1 -1 83 -1 49 -1 -1 38 18 -1 -1 21 -1 59 27 -1 92 -1 66 -1 -1 -1 -1
#END_DUMP idx=89 edge_count=24
#BEGIN_DUMP idx=90 doc_id=90 seed=0
#PACKED_NODES 25
#ROOT 3
#EDGE
1 0
2 1
2 20
3 2
3 5
3 8
3 12
3 14
5 4
5 9
5 16
7 6
8 7
8 18
11 10
11 19
12 11
14 13
16 15
18 17
21 20
22 21
23 22
24 23
#ISLEAF 1 0 0 0 1 0 1 0 0 1 1 0 0 1 0 1 0 1 0 1 1 0 0 0 0
#UNLEAF 47 -1 -1 -1 83 -1 49 -1 -1 38 18 -1 -1 98 -1 80 -1 76 -1 45 78 -1 -1 -1 -1
#END_DUMP idx=90 edge_count=24
#BEGIN_DUMP idx=91 doc_id=91 seed=0
#PACKED_NODES 25
#ROOT 3
#EDGE
1 0
2 1
3 2
3 5
3 8
3 12
3 14
3 17
3 20
3 22
5 4
5 9
7 6
8 7
8 15
11 10
12 11
14 13
17 16
19 18
20 19
22 21
23 22
24 23
#ISLEAF 1 0 0 0 1 0 1 0 0 1 1 0 0 1 0 1 1 0 1 0 0 1 0 0 0
#UNLEAF 47 -1 -1 -1 83 -1 49 -1 -1 38 18 -1 -1 90 -1 85 14 -1 34 -1 -1 26 -1 -1 -1
#END_DUMP idx=91 edge_count=24
#BEGIN_DUMP idx=92 doc_id=92 seed=0
#PACKED_NODES 25
#ROOT 3
#EDGE
1 0
2 1
3 2
3 5
3 8
3 12
3 14
3 17
3 21
5 4
5 9
5 23
7 6
8 7
11 10
12 11
12 18
14 13
16 15
17 16
20 19
21 20
23 22
24 23
#ISLEAF 1 0 0 0 1 0 1 0 0 1 1 0 0 1 0 1 0 0 1 1 0 0 1 0 0
#UNLEAF 47 -1 -1 -1 83 -1 49 -1 -1 38 18 -1 -1 81 -1 63 -1 -1 84 56 -1 -1 54 -1 -1
#END_DUMP idx=92 edge_count=24
#BEGIN_DUMP idx=93 doc_id=93 seed=0
#PACKED_NODES 25
#ROOT 3
#EDGE
1 0
2 1
3 2
3 5
3 8
3 12
5 4
5 9
5 17
7 6
8 7
8 13
11 10
11 14
12 11
12 15
17 16
20 19
21 20
23 22
24 23
#ISLEAF 1 0 0 0 1 0 1 0 0 1 1 0 0 1 1 1 1 0 1 1 0 0 1 0 0
#UNLEAF 47 -1 -1 -1 83 -1 49 -1 -1 38 18 -1 -1 74 45 99 35 -1 84 56 -1 -1 54 -1 -1
#END_DUMP idx=93 edge_count=21
#BEGIN_DUMP idx=94 doc_id=94 seed=0
#PACKED_NODES 25
#ROOT 3
#EDGE
1 0
2 1
2 14
3 2
3 5
3 8
3 12
3 16
5 4
5 9
5 18
7 6
8 7
11 10
12 11
12 13
16 15
18 17
20 19
21 20
23 22
24 23
#ISLEAF 1 0 0 0 1 0 1 0 0 1 1 0 0 1 1 1 0 1 0 1 0 0 1 0 0
#UNLEAF 47 -1 -1 -1 83 -1 49 -1 -1 38 18 -1 -1 66 93 65 -1 27 -1 56 -1 -1 54 -1 -1
#END_DUMP idx=94 edge_count=22
#BEGIN_DUMP idx=95 doc_id=95 seed=0
#PACKED_NODES 25
#ROOT 3
#EDGE
1 0
2 1
2 13
3 2
3 5
3 8
3 12
3 18
5 4
5 9
5 15
5 20
7 6
8 7
11 10
12 11
15 14
17 16
18 17
20 19
21 20
23 22
24 23
#ISLEAF 1 0 0 0 1 0 1 0 0 1 1 0 0 1 1 0 1 0 0 1 0 0 1 0 0
#UNLEAF 47 -1 -1 -1 83 -1 49 -1 -1 38 18 -1 -1 93 24 -1 34 -1 -1 27 -1 -1 54 -1 -1
#END_DUMP idx=95 edge_count=23
#BEGIN_DUMP idx=96 doc_id=96 seed=0
#PACKED_NODES 25
#ROOT 3
#EDGE
1 0
2 1
2 14
3 2
3 5
3 8
3 12
3 16
3 19
3 21
5 4
5 9
7 6
8 7
8 22
11 10
12 11
14 13
16 15
18 17
19 18
21 20
23 22
24 23
#ISLEAF 1 0 0 0 1 0 1 0 0 1 1 0 0 1 0 1 0 1 0 0 1 0 1 0 0
#UNLEAF 47 -1 -1 -1 83 -1 49 -1 -1 38 18 -1 -1 61 -1 57 -1 64 -1 -1 28 -1 85 -1 -1
#END_DUMP idx=96 edge_count=24
#BEGIN_DUMP idx=97 doc_id=97 seed=0
#PACKED_NODES 25
#ROOT 3
#EDGE
1 0
2 1
2 13
3 2
3 5
3 8
3 12
3 18
3 22
5 4
5 9
5 15
7 6
8 7
8 20
11 10
12 11
15 14
17 16
18 17
20 19
22 21
23 22
24 23
#ISLEAF 1 0 0 0 1 0 1 0 0 1 1 0 0 1 1 0 1 0 0 1 0 1 0 0 0
#UNLEAF 47 -1 -1 -1 83 -1 49 -1 -1 38 18 -1 -1 73 30 -1 63 -1 -1 60 -1 67 -1 -1 -1
#END_DUMP idx=97 edge_count=24
#BEGIN_DUMP idx=98 doc_id=98 seed=0
#PACKED_NODES 25
#ROOT 3
#EDGE
1 0
1 15
2 1
3 2
3 5
3 8
3 12
3 14
5 4
5 9
5 17
7 6
8 7
11 10
12 11
12 18
14 13
14 19
17 16
20 19
22 21
23 22
24 23
#ISLEAF 1 0 0 0 1 0 1 0 0 1 1 0 0 1 0 1 1 0 1 1 0 1 0 0 0
#UNLEAF 47 -1 -1 -1 83 -1 49 -1 -1 38 18 -1 -1 28 -1 41 40 -1 72 77 -1 67 -1 -1 -1
#END_DUMP idx=98 edge_count=23
#BEGIN_DUMP idx=99 doc_id=99 seed=0
#PACKED_NODES 25
#ROOT 3
#EDGE
1 0
2 1
3 2
3 5
3 8
3 12
3 18
3 21
3 23
5 4
5 9
7 6
8 7
11 10
12 11
12 14
12 15
14 13
17 16
18 17
20 19
21 20
23 22
24 23
#ISLEAF 1 0 0 0 1 0 1 0 0 1 1 0 0 1 0 1 1 0 0 1 0 0 1 0 0
#UNLEAF 47 -1 -1 -1 83 -1 49 -1 -1 38 18 -1 -1 82 -1 99 42 -1 -1 64 -1 -1 48 -1 -1
#END_DUMP idx=99 edge_count=24
